019850670101201733212567            RIVADAVIA 390                 33212567            
123110320505201742178832            ACOYTE 2344                   42178832            
133245890304201711432689            LAS HERAS 1814                11432689            
150045682006201712714568            LOYOLA 234                    12714568            
190293231906201723456223            AGUIRRE 233                   23456223            
666544120606201701245112            USPALLATA 778                 01245112            
221393940405201723452794            PUEYRREDON 333                23452794            
592340880807201729323288            PASEO COLON 850               29323288            
867604030203201736170503            MALABIA 332                   36170503            
332132920806201709321992            SALGUERO 998                  09321992            
