019850670101201733212567            RIVADAVIA 390                 33212567            
123110320505201742178832            ACOYTE 2344                   42178832            
133245890304201711432689            LAS HERAS 1814                11432689            
150045682006201712714568            LOYOLA 234                    12714568            
190293231906201723456223            AGUIRRE 233                   23456223            
666544120606201701245112            USPALLATA 778                 01245112            
221393940405201723452794            PUEYRREDON 333                23452794            
592340880807201729323288            PASEO COLON 850               29323288            
867604030203201736170503            MALABIA 332                   36170503            
332132920806201709321992            SALGUERO 998                  09321992            
332131921806201709321992            GASCON 928                    01234123            
332133922802201709321992            ARENALES 938                  04534522            
332134923803201709321992            TALCAHUANO 948                01243312            
332135924804201709321992            ALBERDI 958                   23453394            
332136925805201709321992            CAMARGO 968                   29313288            
332137926807201709321992            YAPEYU 978                    36177503            
332138927808201709321992            MARMOL 1958                   36170503
332139928809201709321992            GOYENA 3958                   09011992